image_width: 1280
image_height: 720
camera_name: cam0
camera_matrix:
  rows: 3
  cols: 3
  data: [875.822, 0.0, 662.642,
         0.0, 876.585, 384.122,
         0.0, 0.0, 1.0]
distortion_model: plumb_bob
distortion_coefficients:
  rows: 1
  cols: 5
  data: [0.058550, -0.120011, -0.000293, 3.6820e-05, 0.0]

